


              1
             111
            11111
           2     2
          22     22
         222     222
          22     22
           2     2
            33333
             333
              3







              1
             111
            11111
           2     2
          22     22
         222  x  222
          22     22
           2     2
            33333
             333
              3








              1
             111
            11111
           2     2
          22     22
         222 x x 222
          22     22
           2     2
            33333
             333
              3






              1
             111
            11111
           2     2
          22  x  22
         222 x x 222
          22  x  22
           2     2
            33333
             333
              3






              1
             111
            11111
           2     2
          22  x  22
         222 xxx 222
          22  x  22
           2     2
            33333
             333
              3






              1
             111
            11111
           2     2
          22 xxx 22
         222 xxx 222
          22 xxx 22
           2     2
            33333
             333
              3









              1
             111
            11111
           2     2
          22 x x 22
         222     222
          22 x x 22
           2     2
            33333
             333
              3





